$ANSIBLE_VAULT;1.1;AES256
61646366336565626362643436373138313536656233336263326530313439393733383833373631
3039353633373663646335626438353133663133363739360a303839313866613135316361386131
61636439373366313937343731363462333236376465396365313362663061353938636164333363
6234323736313632340a393832306563393435343263373466386330633133336537613339396237
32303066303061626436623034303734646231633536386639313734653339656466343039623662
32653361306339626332393234346633643831656136313162353964323738333338653137366230
33343130323738343638333034653261396231363836633033323864643838323933633230343832
34633539643532363036323961356539323461343162626664306366656136343433373738623531
64303434613836613237646538316337336332643065383733353435393661313533316262376536
34613135623162663434643164326335663433323833353665323366653432333964613363646138
66393664663165383738656164643834363036626165343162343962383864333263666538343339
32646130363264306238623539613864366632363565326332383661376135356634376335646566
64623730326438636530383331313864383538613063326266653538636361356661303034386635
31383636303332386632663630373165333030613231656134393032303032663866306537653662
32613966656331363163396663646431326136623563376334393034643964326666333534663736
65356439396361616330623238666633336363373538663436343536313939643434356162666433
65333236336537383837626530656338383437653437646436656439363262393664636433646130
61646631636365616162646463376463366533383464623736333731353435363234666465633463
626130333733653561366634373363356361
